$ 1 0.000005 10.20027730826997 50 5 43 5e-11
a 112 192 208 192 8 15 -15 1000000 1.6 2.5 100000
r 208 192 272 192 0 1000
t 272 192 336 192 0 1 0.6634468947196448 0.6970107326086805 100 default
g 336 208 336 224 0 0
r 336 176 416 176 0 1000
r 336 176 336 96 0 1000
v 240 96 240 64 0 0 40 12 0 0 0.5
g 240 96 240 112 0 0
w 240 64 336 64 0
w 336 64 336 96 0
v 48 272 48 208 0 0 40 2.5 0 0 0.5
w 48 208 112 208 0
g 48 272 48 288 0 0
v 80 320 80 272 0 0 40 1.6 0 0 0.5
w 80 272 80 176 0
w 80 176 112 176 0
g 80 320 80 336 0 0
t 448 240 496 240 0 -1 -0.6563928531382413 -0.6757156170425791 100 default
t 496 256 544 256 0 -1 11.616088983551297 -0.019322763904337847 100 default
r 496 256 496 336 0 10000
g 496 336 496 352 0 0
t 448 144 496 144 0 -1 6.902469200000015 -0.6757156170425791 100 default
g 640 384 640 400 0 0
w 544 240 544 208 0
w 544 208 496 208 0
w 496 208 496 224 0
g 544 368 544 400 0 0
w 448 240 448 176 0
w 448 176 448 144 0
w 448 176 416 176 0
w 496 64 336 64 0
w 640 272 640 160 0
w 640 160 496 160 0
w 544 208 544 128 0
w 544 128 496 128 0
r 544 272 544 320 0 300
r 640 272 640 320 0 100
r 496 64 496 128 0 10
162 640 320 640 384 2 default-led 1 0 0 0.01
162 544 320 544 368 2 default-led 1 0 0 0.01
x 517 435 567 438 4 24 Bias
x 594 442 695 445 4 24 ~{Bias}
r 208 192 208 288 0 1000
x 185 331 369 334 4 24 High\spower\sdet
x 235 458 423 461 4 24 Add\slatch\shere?
38 13 F1 0 0 5 -1 FWD_PWR
